599.4938639174657
731.8182180249573
760.1000012434529
792.8999952213348
758.2371565695362
549.8985890099289
641.3785231844963
763.9634326468663
755.2704546195896
826.8607393908756
644.0204535830276
573.5072993669169
686.1245000143977
772.8093840242805
772.4465320748718
789.516774097036
599.9000031170876
629.2654494862513
744.8999946457775
753.3069953206436
809.3617921681584
696.506632694553
583.979964957151
666.5084527838485
781.3695382602023
741.5081376689927
833.9000003939004
605.8689652407052
599.4938639174657
731.8182180249573
760.1000012434529
792.8999952213348
758.2371565695362
549.8985890099289
641.3785231844963
763.9634326468663
755.2704546195896
826.8607393908756
644.0204535830276
573.5072993669169
686.1245000143977
772.8093840242805
772.4465320748718
789.516774097036
599.9000031170876
629.2654494862513
744.8999946457775
753.3069953206436
809.3617921681584
696.506632694553
583.979964957151
666.5084527838485
781.3695382602023
